                                                                                                                        
                                                                                                                        
                                                                                                                        
                                                                                                                        
                                                                                                                        
                                                                                                                        
                                                                                                                        
                   0   0  0   0  0   0  00000  00000  0   0  00000  00000  0   0  00000  0   0  00000                   
                   0   0  0   0  00  0    0      0    00  0  0      0      00  0  0   0  0  0   0                       
                   00000  0   0  0 0 0    0      0    0 0 0  0  00  00000  0 0 0  00000  000    00000                   
                   0   0  0   0  0  00    0      0    0  00  0   0      0  0  00  0   0  0  0   0                       
                   0   0  00000  0   0    0    00000  0   0  00000  00000  0   0  0   0  0   0  00000                   
                                                                                                                        
                                                    MAKE BY GROUP 12                                                    
                                                                                                                        
                                                                                                                        
                                                                                                                        
                                                                                                                        
                                                                                                                        
                                                        CONTINUE                                                        
                                                        NEW GAME                                                        
                                                        SETTINGS                                                        
                                                          QUIT                                                          
                                                                                                                        
                                                                                                                        
                                                                                                                        
                                                                                                                        
                                                                                                                        
                                                                                                                        
                                                                                                                        